canvas 0 0 700 400
shape 1 ellipse
motion 1 1 40 168 12 18 127 185 246 1 40 168 12 18 127 185 246
shape 2 ellipse
motion 2 1 100 168 41 60 127 185 246 1 100 168 41 60 127 185 246
shape 3 ellipse
motion 3 1 160 168 45 70 127 185 246 1 160 168 45 70 127 185 246
shape 4 ellipse
motion 4 1 220 168 18 24 127 185 246 1 220 168 18 24 127 185 246
shape 5 ellipse
motion 5 1 280 168 29 35 127 185 246 1 280 168 29 35 127 185 246
shape 6 ellipse
motion 6 1 340 168 4 7 127 185 246 1 340 168 4 7 127 185 246
shape 7 ellipse
motion 7 1 400 168 35 50 127 185 246 1 400 168 35 50 127 185 246
shape 8 ellipse
motion 8 1 460 168 24 29 127 185 246 1 460 168 24 29 127 185 246
shape 9 ellipse
motion 9 1 520 168 38 43 127 185 246 1 520 168 38 43 127 185 246
shape 10 ellipse
motion 10 1 580 168 7 12 127 185 246 1 580 168 7 12 127 185 246
motion 1 1 40 168 12 18 127 185 246 2 40 168 12 18 255 0 0
motion 2 1 100 168 41 60 127 185 246 2 100 168 41 60 255 0 0
motion 1 10 40 168 12 18 255 0 0 11 40 168 12 18 127 185 246
motion 2 10 100 168 41 60 255 0 0 11 100 168 41 60 127 185 246
motion 2 11 100 168 41 60 127 185 246 12 100 168 41 60 255 0 0
motion 3 11 160 168 45 70 127 185 246 12 160 168 45 70 255 0 0
motion 2 20 100 168 41 60 255 0 0 21 100 168 41 60 127 185 246
motion 3 20 160 168 45 70 255 0 0 21 160 168 45 70 127 185 246
motion 3 21 160 168 45 70 127 185 246 22 160 168 45 70 255 0 0
motion 4 21 220 168 18 24 127 185 246 22 220 168 18 24 255 0 0
motion 3 22 160 168 45 70 255 0 0 30 220 168 45 70 255 0 0
motion 4 22 220 168 18 24 255 0 0 30 160 168 18 24 255 0 0
motion 3 30 220 168 45 70 255 0 0 31 220 168 45 70 127 185 246
motion 4 30 160 168 18 24 255 0 0 31 160 168 18 24 127 185 246
motion 3 31 220 168 45 70 127 185 246 32 220 168 45 70 255 0 0
motion 5 31 280 168 29 35 127 185 246 32 280 168 29 35 255 0 0
motion 3 32 220 168 45 70 255 0 0 40 280 168 45 70 255 0 0
motion 5 32 280 168 29 35 255 0 0 40 220 168 29 35 255 0 0
motion 3 40 280 168 45 70 255 0 0 41 280 168 45 70 127 185 246
motion 5 40 220 168 29 35 255 0 0 41 220 168 29 35 127 185 246
motion 3 41 280 168 45 70 127 185 246 42 280 168 45 70 255 0 0
motion 6 41 340 168 4 7 127 185 246 42 340 168 4 7 255 0 0
motion 3 42 280 168 45 70 255 0 0 50 340 168 45 70 255 0 0
motion 6 42 340 168 4 7 255 0 0 50 280 168 4 7 255 0 0
motion 3 50 340 168 45 70 255 0 0 51 340 168 45 70 127 185 246
motion 6 50 280 168 4 7 255 0 0 51 280 168 4 7 127 185 246
motion 3 51 340 168 45 70 127 185 246 52 340 168 45 70 255 0 0
motion 7 51 400 168 35 50 127 185 246 52 400 168 35 50 255 0 0
motion 3 52 340 168 45 70 255 0 0 60 400 168 45 70 255 0 0
motion 7 52 400 168 35 50 255 0 0 60 340 168 35 50 255 0 0
motion 3 60 400 168 45 70 255 0 0 61 400 168 45 70 127 185 246
motion 7 60 340 168 35 50 255 0 0 61 340 168 35 50 127 185 246
motion 3 61 400 168 45 70 127 185 246 62 400 168 45 70 255 0 0
motion 8 61 460 168 24 29 127 185 246 62 460 168 24 29 255 0 0
motion 3 62 400 168 45 70 255 0 0 70 460 168 45 70 255 0 0
motion 8 62 460 168 24 29 255 0 0 70 400 168 24 29 255 0 0
motion 3 70 460 168 45 70 255 0 0 71 460 168 45 70 127 185 246
motion 8 70 400 168 24 29 255 0 0 71 400 168 24 29 127 185 246
motion 3 71 460 168 45 70 127 185 246 72 460 168 45 70 255 0 0
motion 9 71 520 168 38 43 127 185 246 72 520 168 38 43 255 0 0
motion 3 72 460 168 45 70 255 0 0 80 520 168 45 70 255 0 0
motion 9 72 520 168 38 43 255 0 0 80 460 168 38 43 255 0 0
motion 3 80 520 168 45 70 255 0 0 81 520 168 45 70 127 185 246
motion 9 80 460 168 38 43 255 0 0 81 460 168 38 43 127 185 246
motion 3 81 520 168 45 70 127 185 246 82 520 168 45 70 255 0 0
motion 10 81 580 168 7 12 127 185 246 82 580 168 7 12 255 0 0
motion 3 82 520 168 45 70 255 0 0 90 580 168 45 70 255 0 0
motion 10 82 580 168 7 12 255 0 0 90 520 168 7 12 255 0 0
motion 3 90 580 168 45 70 255 0 0 91 580 168 45 70 127 185 246
motion 10 90 520 168 7 12 255 0 0 91 520 168 7 12 127 185 246
motion 3 100 580 168 45 70 127 185 246 101 580 168 45 70 0 0 255
motion 1 101 40 168 12 18 127 185 246 102 40 168 12 18 255 0 0
motion 2 101 100 168 41 60 127 185 246 102 100 168 41 60 255 0 0
motion 1 110 40 168 12 18 255 0 0 111 40 168 12 18 127 185 246
motion 2 110 100 168 41 60 255 0 0 111 100 168 41 60 127 185 246
motion 2 111 100 168 41 60 127 185 246 112 100 168 41 60 255 0 0
motion 4 111 160 168 18 24 127 185 246 112 160 168 18 24 255 0 0
motion 2 112 100 168 41 60 255 0 0 120 160 168 41 60 255 0 0
motion 4 112 160 168 18 24 255 0 0 120 100 168 18 24 255 0 0
motion 2 120 160 168 41 60 255 0 0 121 160 168 41 60 127 185 246
motion 4 120 100 168 18 24 255 0 0 121 100 168 18 24 127 185 246
motion 2 121 160 168 41 60 127 185 246 122 160 168 41 60 255 0 0
motion 5 121 220 168 29 35 127 185 246 122 220 168 29 35 255 0 0
motion 2 122 160 168 41 60 255 0 0 130 220 168 41 60 255 0 0
motion 5 122 220 168 29 35 255 0 0 130 160 168 29 35 255 0 0
motion 2 130 220 168 41 60 255 0 0 131 220 168 41 60 127 185 246
motion 5 130 160 168 29 35 255 0 0 131 160 168 29 35 127 185 246
motion 2 131 220 168 41 60 127 185 246 132 220 168 41 60 255 0 0
motion 6 131 280 168 4 7 127 185 246 132 280 168 4 7 255 0 0
motion 2 132 220 168 41 60 255 0 0 140 280 168 41 60 255 0 0
motion 6 132 280 168 4 7 255 0 0 140 220 168 4 7 255 0 0
motion 2 140 280 168 41 60 255 0 0 141 280 168 41 60 127 185 246
motion 6 140 220 168 4 7 255 0 0 141 220 168 4 7 127 185 246
motion 2 141 280 168 41 60 127 185 246 142 280 168 41 60 255 0 0
motion 7 141 340 168 35 50 127 185 246 142 340 168 35 50 255 0 0
motion 2 142 280 168 41 60 255 0 0 150 340 168 41 60 255 0 0
motion 7 142 340 168 35 50 255 0 0 150 280 168 35 50 255 0 0
motion 2 150 340 168 41 60 255 0 0 151 340 168 41 60 127 185 246
motion 7 150 280 168 35 50 255 0 0 151 280 168 35 50 127 185 246
motion 2 151 340 168 41 60 127 185 246 152 340 168 41 60 255 0 0
motion 8 151 400 168 24 29 127 185 246 152 400 168 24 29 255 0 0
motion 2 152 340 168 41 60 255 0 0 160 400 168 41 60 255 0 0
motion 8 152 400 168 24 29 255 0 0 160 340 168 24 29 255 0 0
motion 2 160 400 168 41 60 255 0 0 161 400 168 41 60 127 185 246
motion 8 160 340 168 24 29 255 0 0 161 340 168 24 29 127 185 246
motion 2 161 400 168 41 60 127 185 246 162 400 168 41 60 255 0 0
motion 9 161 460 168 38 43 127 185 246 162 460 168 38 43 255 0 0
motion 2 162 400 168 41 60 255 0 0 170 460 168 41 60 255 0 0
motion 9 162 460 168 38 43 255 0 0 170 400 168 38 43 255 0 0
motion 2 170 460 168 41 60 255 0 0 171 460 168 41 60 127 185 246
motion 9 170 400 168 38 43 255 0 0 171 400 168 38 43 127 185 246
motion 2 171 460 168 41 60 127 185 246 172 460 168 41 60 255 0 0
motion 10 171 520 168 7 12 127 185 246 172 520 168 7 12 255 0 0
motion 2 172 460 168 41 60 255 0 0 180 520 168 41 60 255 0 0
motion 10 172 520 168 7 12 255 0 0 180 460 168 7 12 255 0 0
motion 2 180 520 168 41 60 255 0 0 181 520 168 41 60 127 185 246
motion 10 180 460 168 7 12 255 0 0 181 460 168 7 12 127 185 246
motion 2 190 520 168 41 60 127 185 246 191 520 168 41 60 0 0 255
motion 1 191 40 168 12 18 127 185 246 192 40 168 12 18 255 0 0
motion 4 191 100 168 18 24 127 185 246 192 100 168 18 24 255 0 0
motion 1 200 40 168 12 18 255 0 0 201 40 168 12 18 127 185 246
motion 4 200 100 168 18 24 255 0 0 201 100 168 18 24 127 185 246
motion 4 201 100 168 18 24 127 185 246 202 100 168 18 24 255 0 0
motion 5 201 160 168 29 35 127 185 246 202 160 168 29 35 255 0 0
motion 4 210 100 168 18 24 255 0 0 211 100 168 18 24 127 185 246
motion 5 210 160 168 29 35 255 0 0 211 160 168 29 35 127 185 246
motion 5 211 160 168 29 35 127 185 246 212 160 168 29 35 255 0 0
motion 6 211 220 168 4 7 127 185 246 212 220 168 4 7 255 0 0
motion 5 212 160 168 29 35 255 0 0 220 220 168 29 35 255 0 0
motion 6 212 220 168 4 7 255 0 0 220 160 168 4 7 255 0 0
motion 5 220 220 168 29 35 255 0 0 221 220 168 29 35 127 185 246
motion 6 220 160 168 4 7 255 0 0 221 160 168 4 7 127 185 246
motion 5 221 220 168 29 35 127 185 246 222 220 168 29 35 255 0 0
motion 7 221 280 168 35 50 127 185 246 222 280 168 35 50 255 0 0
motion 5 230 220 168 29 35 255 0 0 231 220 168 29 35 127 185 246
motion 7 230 280 168 35 50 255 0 0 231 280 168 35 50 127 185 246
motion 7 231 280 168 35 50 127 185 246 232 280 168 35 50 255 0 0
motion 8 231 340 168 24 29 127 185 246 232 340 168 24 29 255 0 0
motion 7 232 280 168 35 50 255 0 0 240 340 168 35 50 255 0 0
motion 8 232 340 168 24 29 255 0 0 240 280 168 24 29 255 0 0
motion 7 240 340 168 35 50 255 0 0 241 340 168 35 50 127 185 246
motion 8 240 280 168 24 29 255 0 0 241 280 168 24 29 127 185 246
motion 7 241 340 168 35 50 127 185 246 242 340 168 35 50 255 0 0
motion 9 241 400 168 38 43 127 185 246 242 400 168 38 43 255 0 0
motion 7 242 340 168 35 50 255 0 0 250 400 168 35 50 255 0 0
motion 9 242 400 168 38 43 255 0 0 250 340 168 38 43 255 0 0
motion 7 250 400 168 35 50 255 0 0 251 400 168 35 50 127 185 246
motion 9 250 340 168 38 43 255 0 0 251 340 168 38 43 127 185 246
motion 7 251 400 168 35 50 127 185 246 252 400 168 35 50 255 0 0
motion 10 251 460 168 7 12 127 185 246 252 460 168 7 12 255 0 0
motion 7 252 400 168 35 50 255 0 0 260 460 168 35 50 255 0 0
motion 10 252 460 168 7 12 255 0 0 260 400 168 7 12 255 0 0
motion 7 260 460 168 35 50 255 0 0 261 460 168 35 50 127 185 246
motion 10 260 400 168 7 12 255 0 0 261 400 168 7 12 127 185 246
motion 7 270 460 168 35 50 127 185 246 271 460 168 35 50 0 0 255
motion 1 271 40 168 12 18 127 185 246 272 40 168 12 18 255 0 0
motion 4 271 100 168 18 24 127 185 246 272 100 168 18 24 255 0 0
motion 1 280 40 168 12 18 255 0 0 281 40 168 12 18 127 185 246
motion 4 280 100 168 18 24 255 0 0 281 100 168 18 24 127 185 246
motion 4 281 100 168 18 24 127 185 246 282 100 168 18 24 255 0 0
motion 6 281 160 168 4 7 127 185 246 282 160 168 4 7 255 0 0
motion 4 282 100 168 18 24 255 0 0 290 160 168 18 24 255 0 0
motion 6 282 160 168 4 7 255 0 0 290 100 168 4 7 255 0 0
motion 4 290 160 168 18 24 255 0 0 291 160 168 18 24 127 185 246
motion 6 290 100 168 4 7 255 0 0 291 100 168 4 7 127 185 246
motion 4 291 160 168 18 24 127 185 246 292 160 168 18 24 255 0 0
motion 5 291 220 168 29 35 127 185 246 292 220 168 29 35 255 0 0
motion 4 300 160 168 18 24 255 0 0 301 160 168 18 24 127 185 246
motion 5 300 220 168 29 35 255 0 0 301 220 168 29 35 127 185 246
motion 5 301 220 168 29 35 127 185 246 302 220 168 29 35 255 0 0
motion 8 301 280 168 24 29 127 185 246 302 280 168 24 29 255 0 0
motion 5 302 220 168 29 35 255 0 0 310 280 168 29 35 255 0 0
motion 8 302 280 168 24 29 255 0 0 310 220 168 24 29 255 0 0
motion 5 310 280 168 29 35 255 0 0 311 280 168 29 35 127 185 246
motion 8 310 220 168 24 29 255 0 0 311 220 168 24 29 127 185 246
motion 5 311 280 168 29 35 127 185 246 312 280 168 29 35 255 0 0
motion 9 311 340 168 38 43 127 185 246 312 340 168 38 43 255 0 0
motion 5 320 280 168 29 35 255 0 0 321 280 168 29 35 127 185 246
motion 9 320 340 168 38 43 255 0 0 321 340 168 38 43 127 185 246
motion 9 321 340 168 38 43 127 185 246 322 340 168 38 43 255 0 0
motion 10 321 400 168 7 12 127 185 246 322 400 168 7 12 255 0 0
motion 9 322 340 168 38 43 255 0 0 330 400 168 38 43 255 0 0
motion 10 322 400 168 7 12 255 0 0 330 340 168 7 12 255 0 0
motion 9 330 400 168 38 43 255 0 0 331 400 168 38 43 127 185 246
motion 10 330 340 168 7 12 255 0 0 331 340 168 7 12 127 185 246
motion 9 340 400 168 38 43 127 185 246 341 400 168 38 43 0 0 255
motion 1 341 40 168 12 18 127 185 246 342 40 168 12 18 255 0 0
motion 6 341 100 168 4 7 127 185 246 342 100 168 4 7 255 0 0
motion 1 342 40 168 12 18 255 0 0 350 100 168 12 18 255 0 0
motion 6 342 100 168 4 7 255 0 0 350 40 168 4 7 255 0 0
motion 1 350 100 168 12 18 255 0 0 351 100 168 12 18 127 185 246
motion 6 350 40 168 4 7 255 0 0 351 40 168 4 7 127 185 246
motion 1 351 100 168 12 18 127 185 246 352 100 168 12 18 255 0 0
motion 4 351 160 168 18 24 127 185 246 352 160 168 18 24 255 0 0
motion 1 360 100 168 12 18 255 0 0 361 100 168 12 18 127 185 246
motion 4 360 160 168 18 24 255 0 0 361 160 168 18 24 127 185 246
motion 4 361 160 168 18 24 127 185 246 362 160 168 18 24 255 0 0
motion 8 361 220 168 24 29 127 185 246 362 220 168 24 29 255 0 0
motion 4 370 160 168 18 24 255 0 0 371 160 168 18 24 127 185 246
motion 8 370 220 168 24 29 255 0 0 371 220 168 24 29 127 185 246
motion 8 371 220 168 24 29 127 185 246 372 220 168 24 29 255 0 0
motion 5 371 280 168 29 35 127 185 246 372 280 168 29 35 255 0 0
motion 8 380 220 168 24 29 255 0 0 381 220 168 24 29 127 185 246
motion 5 380 280 168 29 35 255 0 0 381 280 168 29 35 127 185 246
motion 5 381 280 168 29 35 127 185 246 382 280 168 29 35 255 0 0
motion 10 381 340 168 7 12 127 185 246 382 340 168 7 12 255 0 0
motion 5 382 280 168 29 35 255 0 0 390 340 168 29 35 255 0 0
motion 10 382 340 168 7 12 255 0 0 390 280 168 7 12 255 0 0
motion 5 390 340 168 29 35 255 0 0 391 340 168 29 35 127 185 246
motion 10 390 280 168 7 12 255 0 0 391 280 168 7 12 127 185 246
motion 5 400 340 168 29 35 127 185 246 401 340 168 29 35 0 0 255
motion 6 401 40 168 4 7 127 185 246 402 40 168 4 7 255 0 0
motion 1 401 100 168 12 18 127 185 246 402 100 168 12 18 255 0 0
motion 6 410 40 168 4 7 255 0 0 411 40 168 4 7 127 185 246
motion 1 410 100 168 12 18 255 0 0 411 100 168 12 18 127 185 246
motion 1 411 100 168 12 18 127 185 246 412 100 168 12 18 255 0 0
motion 4 411 160 168 18 24 127 185 246 412 160 168 18 24 255 0 0
motion 1 420 100 168 12 18 255 0 0 421 100 168 12 18 127 185 246
motion 4 420 160 168 18 24 255 0 0 421 160 168 18 24 127 185 246
motion 4 421 160 168 18 24 127 185 246 422 160 168 18 24 255 0 0
motion 8 421 220 168 24 29 127 185 246 422 220 168 24 29 255 0 0
motion 4 430 160 168 18 24 255 0 0 431 160 168 18 24 127 185 246
motion 8 430 220 168 24 29 255 0 0 431 220 168 24 29 127 185 246
motion 8 431 220 168 24 29 127 185 246 432 220 168 24 29 255 0 0
motion 10 431 280 168 7 12 127 185 246 432 280 168 7 12 255 0 0
motion 8 432 220 168 24 29 255 0 0 440 280 168 24 29 255 0 0
motion 10 432 280 168 7 12 255 0 0 440 220 168 7 12 255 0 0
motion 8 440 280 168 24 29 255 0 0 441 280 168 24 29 127 185 246
motion 10 440 220 168 7 12 255 0 0 441 220 168 7 12 127 185 246
motion 8 450 280 168 24 29 127 185 246 451 280 168 24 29 0 0 255
motion 6 451 40 168 4 7 127 185 246 452 40 168 4 7 255 0 0
motion 1 451 100 168 12 18 127 185 246 452 100 168 12 18 255 0 0
motion 6 460 40 168 4 7 255 0 0 461 40 168 4 7 127 185 246
motion 1 460 100 168 12 18 255 0 0 461 100 168 12 18 127 185 246
motion 1 461 100 168 12 18 127 185 246 462 100 168 12 18 255 0 0
motion 4 461 160 168 18 24 127 185 246 462 160 168 18 24 255 0 0
motion 1 470 100 168 12 18 255 0 0 471 100 168 12 18 127 185 246
motion 4 470 160 168 18 24 255 0 0 471 160 168 18 24 127 185 246
motion 4 471 160 168 18 24 127 185 246 472 160 168 18 24 255 0 0
motion 10 471 220 168 7 12 127 185 246 472 220 168 7 12 255 0 0
motion 4 472 160 168 18 24 255 0 0 480 220 168 18 24 255 0 0
motion 10 472 220 168 7 12 255 0 0 480 160 168 7 12 255 0 0
motion 4 480 220 168 18 24 255 0 0 481 220 168 18 24 127 185 246
motion 10 480 160 168 7 12 255 0 0 481 160 168 7 12 127 185 246
motion 4 490 220 168 18 24 127 185 246 491 220 168 18 24 0 0 255
motion 6 491 40 168 4 7 127 185 246 492 40 168 4 7 255 0 0
motion 1 491 100 168 12 18 127 185 246 492 100 168 12 18 255 0 0
motion 6 500 40 168 4 7 255 0 0 501 40 168 4 7 127 185 246
motion 1 500 100 168 12 18 255 0 0 501 100 168 12 18 127 185 246
motion 1 501 100 168 12 18 127 185 246 502 100 168 12 18 255 0 0
motion 10 501 160 168 7 12 127 185 246 502 160 168 7 12 255 0 0
motion 1 502 100 168 12 18 255 0 0 510 160 168 12 18 255 0 0
motion 10 502 160 168 7 12 255 0 0 510 100 168 7 12 255 0 0
motion 1 510 160 168 12 18 255 0 0 511 160 168 12 18 127 185 246
motion 10 510 100 168 7 12 255 0 0 511 100 168 7 12 127 185 246
motion 1 520 160 168 12 18 127 185 246 521 160 168 12 18 0 0 255
motion 6 521 40 168 4 7 127 185 246 522 40 168 4 7 255 0 0
motion 10 521 100 168 7 12 127 185 246 522 100 168 7 12 255 0 0
motion 6 530 40 168 4 7 255 0 0 531 40 168 4 7 127 185 246
motion 10 530 100 168 7 12 255 0 0 531 100 168 7 12 127 185 246
motion 10 540 100 168 7 12 127 185 246 541 100 168 7 12 0 0 255
motion 6 550 40 168 4 7 127 185 246 551 40 168 4 7 0 0 255
